1702455608.900092 0.11578436436079001 -0.4516612754134974,0.6857215723914529 0.49680885055856483 -0.48227984940180246 0.5025221907119418 0.5177437210722354
1702455609.9000914 0.11578436436079001 -0.4516612754134974,0.6857215723914529 0.49680885055856483 -0.48227984940180246 0.5025221907119418 0.5177437210722354
1702455610.9001088 0.11578436436079001 -0.4516612754134974,0.6857215723914529 0.49680885055856483 -0.48227984940180246 0.5025221907119418 0.5177437210722354
1702455611.8995986 0.11578436436079001 -0.4516612754134974,0.6857215723914529 0.49680885055856483 -0.48227984940180246 0.5025221907119418 0.5177437210722354
1702455612.9000878 0.11578436436079001 -0.4516612754134974,0.6857215723914529 0.49680885055856483 -0.48227984940180246 0.5025221907119418 0.5177437210722354
1702455613.9001093 0.11578436436079001 -0.4516612754134974,0.6857215723914529 0.49680885055856483 -0.48227984940180246 0.5025221907119418 0.5177437210722354
1702455614.9000957 0.11580293937185221 -0.45174033378213196,0.685653457337013 0.4970316326028769 -0.48235254099195574 0.5024420525791397 0.5175399174853907
1702455615.9001033 0.11580530403419709 -0.4517580959617127,0.6856401648474274 0.49705637491434307 -0.48235186220925497 0.5024482997267569 0.5175107219004921
1702455616.9001322 0.11680796557085926 -0.4518361561617999,0.6856319368071977 -0.4998979822989198 0.4794065258092368 -0.5052364328245457 -0.5147888278233286
1702455617.900177 0.07839652953002585 -0.46268154844256193,0.6856145191018659 -0.504667526803983 0.4744843610502887 -0.5075909763995705 -0.512373573856012
1702455618.9000528 0.025761203925495607 -0.46935077910639744,0.6855859258179354 -0.4901118461240953 0.48967932897336847 -0.4903442483224795 -0.5287410057883606
1702455619.900145 -0.008177327664577821 -0.4699935542827184,0.6855798619769105 -0.47214505169399934 0.5070543848831137 -0.47093221743439173 -0.5460748552295793
1702455620.9000947 -0.04573919730858625 -0.46800720106136395,0.6855252089151166 -0.4546306702939726 0.522968262030477 -0.4516354982831532 -0.5619969103361737
1702455621.9002833 -0.07818727958624064 -0.4628458950301272,0.6850557365094712 0.4963817281457751 -0.4856427827354909 0.48885658813656807 0.5279919542714817
1702455622.9000707 -0.12058888304890913 -0.45044892714371343,0.6846981921015004 0.5035407587615239 -0.4799405005521107 0.49230247506765634 0.5232036823627289
1702455623.9000456 -0.1789391737566514 -0.4299319274389917,0.6845745207687699 0.4759397650442485 -0.5077449780060466 0.4615392364563585 0.550143536334426
1702455624.8991427 -0.20590958250296362 -0.417861455851535,0.6844358821458411 0.4596739307446792 -0.5227332421298887 0.4439285187003761 0.5642493289766523
1702455625.9000459 -0.20805053184702535 -0.41674223121808807,0.6844844461159298 0.45826528028825786 -0.5238595155377646 0.44241685296878536 0.5655364436285791
1702455626.9002633 -0.20805956900424624 -0.416840632215674,0.6843391701506056 0.45833963230796015 -0.5238893141267376 0.44247069914544856 0.5654064453093541
1702455627.9001086 -0.1943087679701335 -0.46232151274202654,0.6529118953266433 -0.48458924497482747 0.5253506450850388 -0.4675847767414394 -0.5201388659993791
1702455628.9000423 -0.18967214356320983 -0.5006457610003242,0.6149723514700868 -0.49802768456805324 0.491417911902791 -0.4845649155117566 -0.5250463826367822
1702455629.9000516 -0.17438057227753676 -0.5440699483250488,0.5729723390452497 -0.520003286488075 0.5004886650906093 -0.500278893299164 -0.47836043636235903
1702455630.9000509 -0.17535579913465302 -0.568006960530792,0.5421492144275273 -0.5284033414496819 0.5131596205801305 -0.5027761596309216 -0.4524082734186579
1702455631.9000678 -0.1843939966116325 -0.5809611733447383,0.5123417988006175 -0.5257164304344522 0.4935254217801993 -0.5059979467543848 -0.47330853648363713
1702455632.9004521 -0.18482933217473985 -0.5816003593609956,0.51055498635684 -0.5254988669008804 0.4919615987928632 -0.5062366031208329 -0.4749202331547296
1702455633.899159 -0.18481287937548746 -0.5815662608998036,0.510666596012507 -0.5254872952620766 0.4919071596964326 -0.5062483200899734 -0.4749769332963616
1702455634.9000797 -0.1823324811630597 -0.5775212597764667,0.5143509751168589 -0.5220368246831912 0.4773160810402301 -0.5073921614911818 -0.4921383005948589
1702455635.9000962 -0.16073738434438778 -0.6127151999306604,0.46792014927958925 -0.5416937682136149 0.4874293559474984 -0.5177010446458616 -0.4482924411717498
1702455636.9000823 -0.11712495975536108 -0.6412691270285895,0.4237000089811005 0.5335972649776548 -0.47671406306563296 0.5136057776967748 0.4735258873602528
1702455637.9000528 -0.1017602250469889 -0.6415209239828166,0.42716227800373596 0.5223057433215343 -0.47259163854715747 0.5098595584583845 0.49385937706727273
1702455638.9001334 -0.10175383080379313 -0.6415119590123598,0.4272050825928634 0.5223068498321848 -0.4725623071314256 0.5098691719042867 0.4938763489362921
1702455639.9000993 -0.08661124381102697 -0.6437931152827585,0.42702575862613257 0.5278868310558253 -0.4665146706956143 0.5156016782167548 0.48770325510874785
1702455640.899142 0.0714618027265515 -0.6456287832276317,0.42707675200629647 0.5807142844172497 -0.39877089448763486 0.5711424531614534 0.4213656271933104
1702455641.899223 0.16655929474957726 -0.62784637318248,0.4271192595927863 0.6087875736458164 -0.3543836330142847 0.6009471664049919 0.377693571583962
1702455642.9000063 0.17428240804066272 -0.6257253419418876,0.42717786613636244 0.6109101390397604 -0.3506280548925407 0.6032663299587491 0.37405681958600534
1702455643.9000573 0.16581649248822705 -0.6297972551944203,0.42729284956228153 0.59464206656034 -0.37726059503893195 0.5864906575347738 0.4001299348113675
1702455644.9001172 0.1407900548973271 -0.6371159729756045,0.42735980741224033 0.5436481071550942 -0.4473125674228641 0.5340302236368069 0.46815587452756857
1702455645.9000688 0.12780083580202012 -0.6127145087193206,0.4994950131684912 0.5048977190020888 -0.4244297336886434 0.5522825499443332 0.5098251460397594
1702455646.9000428 0.09366490379070003 -0.5737438250155302,0.6063530389988137 0.5123330879367521 -0.46274495714899794 0.5191352424370682 0.5038655690739069
1702455647.9000475 0.07172920793017895 -0.5434060675064407,0.6461116095417938 0.5038100816180465 -0.4761637071523968 0.5062056992892596 0.5130295465740515
1702455648.900046 0.07172920793017895 -0.5434060675064407,0.6461116095417938 0.5038100816180465 -0.4761637071523968 0.5062056992892596 0.5130295465740515
1702455649.9000468 0.07172920793017895 -0.5434060675064407,0.6461116095417938 0.5038100816180465 -0.4761637071523968 0.5062056992892596 0.5130295465740515
1702455650.9000456 0.07172920793017895 -0.5434060675064407,0.6461116095417938 0.5038100816180465 -0.4761637071523968 0.5062056992892596 0.5130295465740515
1702455651.9000816 0.07172920793017895 -0.5434060675064407,0.6461116095417938 0.5038100816180465 -0.4761637071523968 0.5062056992892596 0.5130295465740515
1702455652.9000564 0.07172920793017895 -0.5434060675064407,0.6461116095417938 0.5038100816180465 -0.4761637071523968 0.5062056992892596 0.5130295465740515
1702455653.900051 0.07172920793017895 -0.5434060675064407,0.6461116095417938 0.5038100816180465 -0.4761637071523968 0.5062056992892596 0.5130295465740515
1702455654.900052 0.07172920793017895 -0.5434060675064407,0.6461116095417938 0.5038100816180465 -0.4761637071523968 0.5062056992892596 0.5130295465740515
1702455655.9000442 0.07172920793017895 -0.5434060675064407,0.6461116095417938 0.5038100816180465 -0.4761637071523968 0.5062056992892596 0.5130295465740515
1702455656.9000444 0.07172920793017895 -0.5434060675064407,0.6461116095417938 0.5038100816180465 -0.4761637071523968 0.5062056992892596 0.5130295465740515
1702455657.8999758 0.07172920793017895 -0.5434060675064407,0.6461116095417938 0.5038100816180465 -0.4761637071523968 0.5062056992892596 0.5130295465740515
1702455658.9000375 0.07172920793017895 -0.5434060675064407,0.6461116095417938 0.5038100816180465 -0.4761637071523968 0.5062056992892596 0.5130295465740515
1702455659.9000418 0.07172920793017895 -0.5434060675064407,0.6461116095417938 0.5038100816180465 -0.4761637071523968 0.5062056992892596 0.5130295465740515
1702455660.9000921 0.07172920793017895 -0.5434060675064407,0.6461116095417938 0.5038100816180465 -0.4761637071523968 0.5062056992892596 0.5130295465740515
1702455661.9000187 0.07162281783356811 -0.544633454570978,0.6451000943104394 0.5068652111397971 -0.4798769054370633 0.5033717651548203 0.5093355273385889
1702455662.9000409 0.07846774771693746 -0.4790100013010291,0.6736935505584483 -0.506116142409976 0.47891401229697306 -0.5041287241458142 -0.5102372474729522
1702455663.9000394 0.08679275550005197 -0.39849782497493547,0.6723482523796869 -0.5029284506298161 0.475023214737706 -0.5070842335090668 -0.5140831636358765
1702455664.9001846 0.09840278152084736 -0.2862635442461505,0.6517971939099242 -0.48655553121213796 0.4552144740640443 -0.5215230039674416 -0.5329702186635267
1702455665.90004 0.1022999120224433 -0.24839427823797117,0.6015024197080349 0.49945170413919016 -0.47081614837598373 0.5102307541207192 0.5182130133548046
1702455666.9001908 0.09901513147314445 -0.280099952934588,0.5484665319403307 0.5109798955548921 -0.48484672245480387 0.4995258693355482 0.5042787998003806
1702455667.8993444 0.10316218250110187 -0.23984916148937285,0.538469773573641 0.5046435468510905 -0.47716409976830326 0.5054545042289896 0.5120205627399004
1702455668.8999276 0.1065527821258862 -0.20727532096182555,0.5282191927903501 0.5002145157202866 -0.47172657386661154 0.5095599530456503 0.5173085462496284
1702455669.90008 0.10577526777996554 -0.21460158531523965,0.5217905158317947 0.5143214759542561 -0.48893614335006025 0.496291409672974 0.5001096917507386
1702455670.9000618 0.10171735673378637 -0.25401628509163365,0.5009742899557786 0.5309947072409096 -0.5093326124617988 0.4794487323471107 0.47828215920702055
1702455671.9000432 0.10424217022551859 -0.23048149999161782,0.5112863194295802 0.5289173132735148 -0.506505089684875 0.4818691510942509 0.48114570669034484
1702455672.9000435 0.08669458716804064 -0.2612145800973027,0.49929416137038096 0.518572864753487 -0.527458550631422 0.46301017331594524 0.4883556498220344
1702455673.900037 0.04475306339245849 -0.2849240312047752,0.4927796651162799 0.5069833219050061 -0.5529537083406916 0.4503355140593858 0.48415703291319934
1702455674.9000895 0.026440657256756678 -0.3440948548537195,0.4506205650426872 0.534495728190941 -0.5504873233598566 0.4677731780107974 0.4387097871023824
1702455675.899282 0.03356645555749224 -0.3268605861336538,0.4672204811649151 0.5280126159951312 -0.5336907745915519 0.4760124354318838 0.45802728715662294
1702455676.9000506 0.03915163884242556 -0.313427215226474,0.47886873930490836 0.5229462985658824 -0.5208499202826788 0.48195763346033504 0.4721857356031471
1702455677.9000819 0.03915163884242556 -0.313427215226474,0.47886873930490836 0.5229462985658824 -0.5208499202826788 0.48195763346033504 0.4721857356031471
1702455678.8994849 0.03915377668346347 -0.3134503415812037,0.4788150866082299 0.5229684164212769 -0.5208808252306459 0.4819456486313584 0.4721393788895009
1702455679.9000485 0.03915377668346347 -0.3134503415812037,0.4788150866082299 0.5229684164212769 -0.5208808252306459 0.4819456486313584 0.4721393788895009
1702455680.9001198 0.03913482965797535 -0.313465941907138,0.4788254709302875 0.522959711614102 -0.5209385033437284 0.48190513165493637 0.47212674129637283
1702455681.9000494 0.07898694461846563 -0.30693229757890533,0.5242226118149196 0.540222288648843 -0.45498074325903876 0.5270587448599053 0.4726113430475002
1702455682.900094 0.1372333569720055 -0.277736033256521,0.5285635922128459 0.5537799971302142 -0.4118551743578759 0.5615880957684823 0.4564228750010623
1702455683.89921 0.16003622785817606 -0.32023449263706655,0.47913270999212676 0.5785184737840616 -0.48629862487344594 0.4887722707406507 0.43581153070081274
1702455684.9000616 0.16630237257967379 -0.39818608143849465,0.38553319468356684 0.5369828809115549 -0.5181641114594685 0.45420032407596794 0.4866799819312829
1702455685.9000964 0.14053070407771825 -0.4489600324644486,0.42748698248564154 0.5089620597108218 -0.4990293570358203 0.4850836584490727 0.5065778981528891
1702455686.9000459 -0.02828611302990247 -0.47827019055423436,0.4341091693873339 0.48275257097125907 -0.5167223495384222 0.4669749398994085 0.5309259592580469
1702455687.9000547 -0.10240505586782409 -0.5039173451674954,0.5043021824777224 -0.49388238900355635 0.49452084028749094 -0.48367220994493765 -0.5268685962177619
1702455688.9000409 0.018696507985538097 -0.525154272866304,0.6002560299823574 0.5236346962326556 -0.3928068388227339 0.5561606054761223 0.5120496784413209
1702455689.900081 0.08995444727003205 -0.46764874569090703,0.6531063093482662 0.5034357750319346 -0.3781643415246539 0.5737294945277198 0.523811624848274
1702455690.9001007 0.23074133534429664 -0.4415539869391168,0.5400006295333575 -0.4984062109553924 0.4367134398758979 -0.5583779975195277 -0.4990857964307678
1702455691.9000797 0.16339775356156697 -0.5149901045048115,0.42712057690761085 -0.44440349109410415 0.4688948035485902 -0.5254610007236533 -0.5536550704427798
1702455692.9001925 -0.054468477628379475 -0.5751579261083157,0.4894907592224501 0.47586115459023637 -0.49087716290930694 0.4824206548099347 0.5476002961092254
1702455693.9000664 0.052351026769819314 -0.5040553311880748,0.6259983468540542 0.47957877817679206 -0.5066558769327753 0.4759811199060762 0.5354866864683892
1702455694.9000988 0.2529453888707163 -0.5214105072610734,0.5117916691443201 -0.5004570396049584 0.5194994455835766 -0.4560519206439411 -0.5212290506343364
1702455695.900105 0.15989765206409098 -0.6048362869426773,0.4149264471714006 -0.46524845871495535 0.4962038670090924 -0.49282420599191523 -0.5426323764916918
1702455696.900053 -0.0481560547903237 -0.6410780258951291,0.4659849757177891 0.48407018246788736 -0.5184498686333241 0.4659851183101707 0.5289079897988429
1702455697.9000635 0.030248645309753353 -0.5973013847869123,0.6049960010213212 0.5038120374099644 -0.5025381984143202 0.4832243381681226 0.5100225770466358
1702455698.900037 0.04425112225271821 -0.5965569983564514,0.6047010565777585 0.5057896789938017 -0.5022518734173782 0.4835823791260536 0.5080038768266127
1702455699.9000661 0.04425112225271821 -0.5965569983564514,0.6047010565777585 0.5057896789938017 -0.5022518734173782 0.4835823791260536 0.5080038768266127
1702455700.9001548 0.04425112225271821 -0.5965569983564514,0.6047010565777585 0.5057896789938017 -0.5022518734173782 0.4835823791260536 0.5080038768266127
1702455701.900182 0.04425112225271821 -0.5965569983564514,0.6047010565777585 0.5057896789938017 -0.5022518734173782 0.4835823791260536 0.5080038768266127
1702455702.9000504 0.04425112225271821 -0.5965569983564514,0.6047010565777585 0.5057896789938017 -0.5022518734173782 0.4835823791260536 0.5080038768266127
1702455703.900092 0.04425112225271821 -0.5965569983564514,0.6047010565777585 0.5057896789938017 -0.5022518734173782 0.4835823791260536 0.5080038768266127
1702455704.9000535 0.04425112225271821 -0.5965569983564514,0.6047010565777585 0.5057896789938017 -0.5022518734173782 0.4835823791260536 0.5080038768266127
1702455705.9000523 0.04425112225271821 -0.5965569983564514,0.6047010565777585 0.5057896789938017 -0.5022518734173782 0.4835823791260536 0.5080038768266127
